#VoiceOnNet,60161007010,3881278729,230
#VoiceOffNet,60161007010,3881278729,240
#VoiceIDD,60161007010,3881278729,240,9111234567
#VoiceIDD,60161007010,3881278729,60,1336511234567
#VoiceIDD,60161007010,3881278729,240,9511234567
#VoiceIDD,60161007010,3881278729,60,13388011234567
#VoiceRoam,60161007010,3881278729,240,611234567,611234567
#VoiceRoam,60161007010,3881278729,60,601234567,611234567
#SpecialNumber,60161007010,3881278729,240,60100
#VideoOnNet,60161007010,3881278729,240
#VideoOffNet,60161007010,3881278729,240
#VideoIDD,60161007010,3881278729,240,9111234567
#VideoRoam,60161007010,3881278729,240,611234567,611234567
#SMSLocal,60161007010,3881278729
#SMSIDD,60161007010,3881278729,651234567
#SMSRoam,60161007010,3881278729,651234567,50501
#SMSRoam,60161007010,3881278729,651234567,47001
#MMSLocal,60161007010,3881278729
#MMSIDD,60161007010,3881278729,651234567
#MMSRoam,60161007010,3881278729,651234567,5051
#MMSRoam,60161007010,3881278729,651234567,47001
#DataLocal,60161007010,3881278729,400070001,1024000,50216
#DataLocal,60161007010,3881278729,400070001,1024,50216
#DataRoaming,60161007010,3881278729,400050001,1024000,51010
#CPAIEC,60161007010,3881278729,15,CPA01_Talktime
#CPAIEC,60161007010,3881278729,15,CPA08_InsNonGST
CPAECURCommit,60161007010,3881278729,150,CPA01_Talktime
#CPAECURCommit,60161007010,3881278729,150,CPA08_InsNonGST
#CPAECURCancel,60161007010,3881278729,100,CPA03_QTU
#CPARefund,60161007010,3881278730,Message-id-2030,10
